%YAML:1.0
---
camera_matrix: !!opencv-matrix
   rows: 3
   cols: 3
   dt: d
   data: [ 1.3797121096522451e+05, 0., 2028., 0., 1.2984726434310393e+05,
       1520., 0., 0., 1. ]
distortion_coefficients: !!opencv-matrix
   rows: 14
   cols: 1
   dt: d
   data: [ 8.9431891418587966e+01, -5.7904947595804094e+02, 0., 0.,
       8.7850861761901906e+03, 4.5780883287210014e+02,
       9.9049845252022749e+02, -1.0280402682260545e+04, 0., 0., 0., 0.,
       0., 0. ]
